{
 "cells": [
  {
   "cell_type": "markdown",
   "id": "1ce9a98a",
   "metadata": {},
   "source": [
    "# Tree-Unitary Manifold Dimensions"
   ]
  },
  {
   "cell_type": "code",
   "execution_count": 2,
   "id": "efbd97d5",
   "metadata": {},
   "outputs": [],
   "source": [
    "using DelimitedFiles\n",
    "using TensorOperations\n",
    "using IterTools\n",
    "using LinearAlgebra\n",
    "using Plots\n",
    "using LaTeXStrings"
   ]
  },
  {
   "cell_type": "code",
   "execution_count": 176,
   "id": "59cf4e58",
   "metadata": {},
   "outputs": [],
   "source": [
    "matrix=readdlm(\"tu_examples/treeunitary.txt\")\n",
    "\n",
    "tensor=reshape(matrix,(2,2,2,2,2,2));"
   ]
  },
  {
   "cell_type": "markdown",
   "id": "cbbe1661",
   "metadata": {},
   "source": [
    "We now seek the local dimension of the manifold of tree-unitary tensors around this point. "
   ]
  },
  {
   "cell_type": "markdown",
   "id": "8a34a207",
   "metadata": {},
   "source": [
    "We first define a function which is zero when we have a tree-unitary tensor."
   ]
  },
  {
   "cell_type": "code",
   "execution_count": 177,
   "id": "8102ade1",
   "metadata": {},
   "outputs": [
    {
     "data": {
      "text/plain": [
       "check_treeunitarity_matrix (generic function with 1 method)"
      ]
     },
     "metadata": {},
     "output_type": "display_data"
    }
   ],
   "source": [
    "function check_unitary(tensor)\n",
    "\n",
    "    res=zeros(ComplexF64,2,2,2,2,2,2)\n",
    "\n",
    "    @tensor begin\n",
    "        res[a,b,c,d,e,f]:=tensor[a,b,c,l,m,n]*conj(tensor[d,e,f,l,m,n])\n",
    "    end\n",
    "    diff=reshape(res,(8,8))-Matrix(I,8,8)\n",
    "    # return sum(abs2,diff)\n",
    "    return reshape(diff,64)\n",
    "end\n",
    "\n",
    "function check_tu1(tensor)\n",
    "\n",
    "    res=zeros(ComplexF64,2,2,2,2)\n",
    "\n",
    "    @tensor begin\n",
    "        res[a,b,c,d]:=tensor[i,a,j,l,b,k]*conj(tensor[i,c,j,l,d,k])\n",
    "    end\n",
    "    diff=reshape(res,(4,4))-2*Matrix(I,4,4)\n",
    "    # return sum(abs2,diff)\n",
    "    return reshape(diff,16)\n",
    "end\n",
    "\n",
    "function check_tu2(tensor)\n",
    "\n",
    "    res=zeros(ComplexF64,2,2,2,2)\n",
    "\n",
    "    @tensor begin\n",
    "        res[a,b,c,d]:=tensor[a,i,j,b,l,k]*conj(tensor[c,i,j,d,l,k])\n",
    "    end\n",
    "    diff=reshape(res,(4,4))-2*Matrix(I,4,4)\n",
    "    # return sum(abs2,diff)\n",
    "    return reshape(diff,16)\n",
    "end\n",
    "\n",
    "function check_tu3(tensor)\n",
    "\n",
    "    res=zeros(ComplexF64,2,2,2,2)\n",
    "\n",
    "    @tensor begin\n",
    "        res[a,b,c,d]:=tensor[i,j,a,l,k,b]*conj(tensor[i,j,c,l,k,d])\n",
    "    end\n",
    "    diff=reshape(res,(4,4))-2*Matrix(I,4,4)\n",
    "    # return sum(abs2,diff)\n",
    "    return reshape(diff,16)\n",
    "end\n",
    "\n",
    "function check_treeunitarity(tensor)\n",
    "    return vcat(check_unitary(tensor),check_tu3(tensor),check_tu1(tensor),check_tu2(tensor))\n",
    "end\n",
    "\n",
    "function check_treeunitarity_matrix(matrix)\n",
    "    return check_treeunitarity(reshape(matrix,(2,2,2,2,2,2)))\n",
    "end"
   ]
  },
  {
   "cell_type": "code",
   "execution_count": 178,
   "id": "4d98428d",
   "metadata": {},
   "outputs": [
    {
     "name": "stdout",
     "output_type": "stream",
     "text": [
      "[2.220446049250313e-15, 1.591358063387522e-16, -5.947815812832401e-16, 1.5148128376729303e-16, 3.785042845099404e-16, -3.7555006096193774e-17, 4.803413994540474e-16, 1.0844995837195869e-15, 1.591358063387522e-16, 1.5543122344752192e-15, -7.300264165033465e-17, -8.193974776043665e-16, 7.274190560455419e-16, -1.6155348437310466e-15, -3.1760241719158934e-16, 1.842389609390526e-15, -5.947815812832401e-16, -7.300264165033465e-17, 1.9984014443252818e-15, 1.0500879303953913e-15, 1.2292696274725974e-15, -1.5455337545707617e-16, 2.9776066847233926e-16, 1.044847353896259e-15, 1.5148128376729303e-16, -8.193974776043665e-16, 1.0500879303953913e-15, -6.661338147750939e-16, -2.0825927882886266e-16, 1.9402073166718965e-15, -5.722451990654167e-17, 1.5065761803321771e-15, 3.785042845099404e-16, 7.274190560455419e-16, 1.2292696274725974e-15, -2.0825927882886266e-16, -1.9984014443252818e-15, -4.715245548605644e-16, 3.1959907218716274e-16, 1.127141253818104e-15, -3.7555006096193774e-17, -1.6155348437310466e-15, -1.5455337545707617e-16, 1.9402073166718965e-15, -4.715245548605644e-16, -1.1102230246251565e-16, 2.1716119367453956e-16, 2.0825466540393754e-15, 4.803413994540474e-16, -3.1760241719158934e-16, 2.9776066847233926e-16, -5.722451990654167e-17, 3.1959907218716274e-16, 2.1716119367453956e-16, -8.881784197001252e-16, -1.1807321251918924e-15, 1.0844995837195869e-15, 1.842389609390526e-15, 1.044847353896259e-15, 1.5065761803321771e-15, 1.127141253818104e-15, 2.0825466540393754e-15, -1.1807321251918924e-15, 1.1102230246251565e-15]\n",
      "[4.440892098500626e-16, -4.596961857936802e-17, 1.8855289910057403e-15, -3.410178673124865e-16, -4.596961857936802e-17, 0.0, 8.238993131152517e-16, 2.562682866505843e-15, 1.8855289910057403e-15, 8.238993131152517e-16, 1.3322676295501878e-15, 8.890569025673321e-16, -3.410178673124865e-16, 2.562682866505843e-15, 8.890569025673321e-16, 1.3322676295501878e-15]\n",
      "[1.3322676295501878e-15, -2.101116087955645e-16, 3.1596261386650473e-16, -1.0636934191629541e-16, -2.101116087955645e-16, 8.881784197001252e-16, 5.4034787390700444e-17, 3.00499757090694e-16, 3.1596261386650473e-16, 5.4034787390700444e-17, 0.0, -2.647981298761382e-16, -1.0636934191629541e-16, 3.00499757090694e-16, -2.647981298761382e-16, 1.3322676295501878e-15]\n",
      "[2.220446049250313e-15, 2.831193635618516e-16, -3.1279295642537735e-15, 7.77464480161355e-16, 2.831193635618516e-16, 0.0, 4.2856899029481218e-16, 1.8057153237161507e-16, -3.1279295642537735e-15, 4.2856899029481218e-16, 3.552713678800501e-15, 3.1308642886013393e-16, 7.77464480161355e-16, 1.8057153237161507e-16, 3.1308642886013393e-16, -1.9984014443252818e-15]\n",
      "[2.220446049250313e-15, 1.591358063387522e-16, -5.947815812832401e-16, 1.5148128376729303e-16, 3.785042845099404e-16, -3.7555006096193774e-17, 4.803413994540474e-16, 1.0844995837195869e-15, 1.591358063387522e-16, 1.5543122344752192e-15, -7.300264165033465e-17, -8.193974776043665e-16, 7.274190560455419e-16, -1.6155348437310466e-15, -3.1760241719158934e-16, 1.842389609390526e-15, -5.947815812832401e-16, -7.300264165033465e-17, 1.9984014443252818e-15, 1.0500879303953913e-15, 1.2292696274725974e-15, -1.5455337545707617e-16, 2.9776066847233926e-16, 1.044847353896259e-15, 1.5148128376729303e-16, -8.193974776043665e-16, 1.0500879303953913e-15, -6.661338147750939e-16, -2.0825927882886266e-16, 1.9402073166718965e-15, -5.722451990654167e-17, 1.5065761803321771e-15, 3.785042845099404e-16, 7.274190560455419e-16, 1.2292696274725974e-15, -2.0825927882886266e-16, -1.9984014443252818e-15, -4.715245548605644e-16, 3.1959907218716274e-16, 1.127141253818104e-15, -3.7555006096193774e-17, -1.6155348437310466e-15, -1.5455337545707617e-16, 1.9402073166718965e-15, -4.715245548605644e-16, -1.1102230246251565e-16, 2.1716119367453956e-16, 2.0825466540393754e-15, 4.803413994540474e-16, -3.1760241719158934e-16, 2.9776066847233926e-16, -5.722451990654167e-17, 3.1959907218716274e-16, 2.1716119367453956e-16, -8.881784197001252e-16, -1.1807321251918924e-15, 1.0844995837195869e-15, 1.842389609390526e-15, 1.044847353896259e-15, 1.5065761803321771e-15, 1.127141253818104e-15, 2.0825466540393754e-15, -1.1807321251918924e-15, 1.1102230246251565e-15, 2.220446049250313e-15, 2.831193635618516e-16, -3.1279295642537735e-15, 7.77464480161355e-16, 2.831193635618516e-16, 0.0, 4.2856899029481218e-16, 1.8057153237161507e-16, -3.1279295642537735e-15, 4.2856899029481218e-16, 3.552713678800501e-15, 3.1308642886013393e-16, 7.77464480161355e-16, 1.8057153237161507e-16, 3.1308642886013393e-16, -1.9984014443252818e-15, 4.440892098500626e-16, -4.596961857936802e-17, 1.8855289910057403e-15, -3.410178673124865e-16, -4.596961857936802e-17, 0.0, 8.238993131152517e-16, 2.562682866505843e-15, 1.8855289910057403e-15, 8.238993131152517e-16, 1.3322676295501878e-15, 8.890569025673321e-16, -3.410178673124865e-16, 2.562682866505843e-15, 8.890569025673321e-16, 1.3322676295501878e-15, 1.3322676295501878e-15, -2.101116087955645e-16, 3.1596261386650473e-16, -1.0636934191629541e-16, -2.101116087955645e-16, 8.881784197001252e-16, 5.4034787390700444e-17, 3.00499757090694e-16, 3.1596261386650473e-16, 5.4034787390700444e-17, 0.0, -2.647981298761382e-16, -1.0636934191629541e-16, 3.00499757090694e-16, -2.647981298761382e-16, 1.3322676295501878e-15]\n",
      "[2.220446049250313e-15, 1.591358063387522e-16, -5.947815812832401e-16, 1.5148128376729303e-16, 3.785042845099404e-16, -3.7555006096193774e-17, 4.803413994540474e-16, 1.0844995837195869e-15, 1.591358063387522e-16, 1.5543122344752192e-15, -7.300264165033465e-17, -8.193974776043665e-16, 7.274190560455419e-16, -1.6155348437310466e-15, -3.1760241719158934e-16, 1.842389609390526e-15, -5.947815812832401e-16, -7.300264165033465e-17, 1.9984014443252818e-15, 1.0500879303953913e-15, 1.2292696274725974e-15, -1.5455337545707617e-16, 2.9776066847233926e-16, 1.044847353896259e-15, 1.5148128376729303e-16, -8.193974776043665e-16, 1.0500879303953913e-15, -6.661338147750939e-16, -2.0825927882886266e-16, 1.9402073166718965e-15, -5.722451990654167e-17, 1.5065761803321771e-15, 3.785042845099404e-16, 7.274190560455419e-16, 1.2292696274725974e-15, -2.0825927882886266e-16, -1.9984014443252818e-15, -4.715245548605644e-16, 3.1959907218716274e-16, 1.127141253818104e-15, -3.7555006096193774e-17, -1.6155348437310466e-15, -1.5455337545707617e-16, 1.9402073166718965e-15, -4.715245548605644e-16, -1.1102230246251565e-16, 2.1716119367453956e-16, 2.0825466540393754e-15, 4.803413994540474e-16, -3.1760241719158934e-16, 2.9776066847233926e-16, -5.722451990654167e-17, 3.1959907218716274e-16, 2.1716119367453956e-16, -8.881784197001252e-16, -1.1807321251918924e-15, 1.0844995837195869e-15, 1.842389609390526e-15, 1.044847353896259e-15, 1.5065761803321771e-15, 1.127141253818104e-15, 2.0825466540393754e-15, -1.1807321251918924e-15, 1.1102230246251565e-15, 2.220446049250313e-15, 2.831193635618516e-16, -3.1279295642537735e-15, 7.77464480161355e-16, 2.831193635618516e-16, 0.0, 4.2856899029481218e-16, 1.8057153237161507e-16, -3.1279295642537735e-15, 4.2856899029481218e-16, 3.552713678800501e-15, 3.1308642886013393e-16, 7.77464480161355e-16, 1.8057153237161507e-16, 3.1308642886013393e-16, -1.9984014443252818e-15, 4.440892098500626e-16, -4.596961857936802e-17, 1.8855289910057403e-15, -3.410178673124865e-16, -4.596961857936802e-17, 0.0, 8.238993131152517e-16, 2.562682866505843e-15, 1.8855289910057403e-15, 8.238993131152517e-16, 1.3322676295501878e-15, 8.890569025673321e-16, -3.410178673124865e-16, 2.562682866505843e-15, 8.890569025673321e-16, 1.3322676295501878e-15, 1.3322676295501878e-15, -2.101116087955645e-16, 3.1596261386650473e-16, -1.0636934191629541e-16, -2.101116087955645e-16, 8.881784197001252e-16, 5.4034787390700444e-17, 3.00499757090694e-16, 3.1596261386650473e-16, 5.4034787390700444e-17, 0.0, -2.647981298761382e-16, -1.0636934191629541e-16, 3.00499757090694e-16, -2.647981298761382e-16, 1.3322676295501878e-15]\n",
      "112\n"
     ]
    }
   ],
   "source": [
    "println(check_unitary(tensor))\n",
    "println(check_tu1(tensor))\n",
    "println(check_tu2(tensor))\n",
    "println(check_tu3(tensor))\n",
    "println(check_treeunitarity(tensor))\n",
    "println(check_treeunitarity_matrix(matrix))\n",
    "println(length(check_treeunitarity_matrix(matrix)))"
   ]
  },
  {
   "cell_type": "markdown",
   "id": "f7ac7784",
   "metadata": {},
   "source": [
    "Next, we want to find the numerical derivative of check_treeunitarity with respect to all elements of tensor. "
   ]
  },
  {
   "cell_type": "code",
   "execution_count": 156,
   "id": "6e722235",
   "metadata": {},
   "outputs": [
    {
     "data": {
      "text/plain": [
       "jacobian (generic function with 1 method)"
      ]
     },
     "metadata": {},
     "output_type": "display_data"
    }
   ],
   "source": [
    "function jacobian(f, M; h=1e-6)\n",
    "    M = copy(M)\n",
    "    sz = size(M)\n",
    "    N  = length(M)\n",
    "\n",
    "    # evaluate once to size things\n",
    "    y0 = vec(f(M))\n",
    "    p  = length(y0)\n",
    "    J  = zeros(ComplexF64, p, 2N)\n",
    "\n",
    "    LI = transpose(LinearIndices(M))\n",
    "\n",
    "    for j in 1:sz[2], i in 1:sz[1]\n",
    "        k = LI[i,j]\n",
    "        x = M[i,j]\n",
    "\n",
    "        # derivative w.r.t Re(M[i,j])\n",
    "        M[i,j] = x + h\n",
    "        fp = vec(f(M))\n",
    "        M[i,j] = x - h\n",
    "        fm = vec(f(M))\n",
    "        J[:, k] = (fp .- fm) ./ (2h)\n",
    "        M[i,j] = x\n",
    "\n",
    "        # derivative w.r.t Im(M[i,j])\n",
    "        M[i,j] = x + im*h\n",
    "        fp = vec(f(M))\n",
    "        M[i,j] = x - im*h\n",
    "        fm = vec(f(M))\n",
    "        J[:, N+k] = (fp .- fm) ./ (2h)\n",
    "        M[i,j] = x\n",
    "    end\n",
    "\n",
    "    return J\n",
    "end\n"
   ]
  },
  {
   "cell_type": "code",
   "execution_count": 179,
   "id": "0beec547",
   "metadata": {},
   "outputs": [
    {
     "data": {
      "text/plain": [
       "112×128 Matrix{ComplexF64}:\n",
       " -0.204396+0.0im  -0.418042+0.0im  …  0.0+0.0im       0.0+0.0im\n",
       "  0.379389+0.0im   0.064879+0.0im     0.0+0.0im       0.0+0.0im\n",
       " -0.107641+0.0im    0.39864+0.0im     0.0+0.0im       0.0+0.0im\n",
       " 0.0562748+0.0im   0.774251+0.0im     0.0+0.0im       0.0+0.0im\n",
       "  0.588755+0.0im   0.196194+0.0im     0.0+0.0im       0.0+0.0im\n",
       "  0.119502+0.0im  0.0692724+0.0im  …  0.0+0.0im       0.0+0.0im\n",
       " -0.620106+0.0im  0.0979546+0.0im     0.0+0.0im       0.0+0.0im\n",
       "  0.292269+0.0im  -0.375282+0.0im     0.0+0.121759im  0.0-0.182314im\n",
       "  0.379389+0.0im   0.064879+0.0im     0.0+0.0im       0.0+0.0im\n",
       "       0.0+0.0im        0.0+0.0im     0.0+0.0im       0.0+0.0im\n",
       "          ⋮                        ⋱                  \n",
       "       0.0+0.0im        0.0+0.0im     0.0+0.400345im  0.0+0.00450159im\n",
       " -0.209021+0.0im  -0.102198+0.0im     0.0+0.0im       0.0+0.0im\n",
       "       0.0+0.0im   0.379389+0.0im  …  0.0+0.348432im  0.0+0.0im\n",
       "       0.0+0.0im  -0.418042+0.0im     0.0+0.0im       0.0+0.0im\n",
       "       0.0+0.0im   0.064879+0.0im     0.0+0.0im       0.0+0.348432im\n",
       "  0.064879+0.0im        0.0+0.0im     0.0+0.0im       0.0-0.0303553im\n",
       "       0.0+0.0im        0.0+0.0im     0.0-0.400345im  0.0-0.00450159im\n",
       "       0.0+0.0im   0.064879+0.0im  …  0.0+0.0im       0.0-0.348432im\n",
       "       0.0+0.0im        0.0+0.0im     0.0+0.0im       0.0+0.0im"
      ]
     },
     "metadata": {},
     "output_type": "display_data"
    }
   ],
   "source": [
    "# Example: complex-vector output\n",
    "f(M)=check_treeunitarity_matrix(M)\n",
    "M = ComplexF64.(matrix)\n",
    "\n",
    "J = jacobian(f, M)\n"
   ]
  },
  {
   "cell_type": "code",
   "execution_count": 180,
   "id": "c99949df",
   "metadata": {},
   "outputs": [
    {
     "data": {
      "text/plain": [
       "37"
      ]
     },
     "metadata": {},
     "output_type": "display_data"
    }
   ],
   "source": [
    "128-rank(conj(J),rtol=1e-9)"
   ]
  },
  {
   "cell_type": "markdown",
   "id": "c1465997",
   "metadata": {},
   "source": [
    "We can check that this is a good tolerance to use by looking explicitly at the singular values:"
   ]
  },
  {
   "cell_type": "code",
   "execution_count": 181,
   "id": "7faa76b4",
   "metadata": {},
   "outputs": [
    {
     "name": "stdout",
     "output_type": "stream",
     "text": [
      "[5.291502622223559, 4.593313984311383, 4.497981058556231, 4.473456378845613, 4.437264430542921, 4.3712246975028695, 4.266511399752278, 4.245749504653271, 4.167682255097111, 4.085462373034352, 4.047161769191299, 4.002349677886473, 3.870050778497821, 3.829976083347316, 3.8025523195865327, 3.690333244670453, 3.618248233084171, 3.532171839737876, 3.4860669296555837, 3.477721761536249, 3.4567326088314494, 3.305478282329591, 3.1690176360525624, 3.154187618793548, 3.0886909690475894, 3.085488145395011, 2.994423071345162, 2.9924193389887943, 2.94538160895403, 2.7232894022978136, 2.7076876325846797, 2.6985600787135535, 2.5523120820864498, 2.51236032867365, 2.460807565774817, 2.440322901463182, 2.424967669384649, 2.3196669597477877, 2.2424973553406438, 2.2055206961757965, 2.1978604950453384, 2.194133847889448, 2.1409111680692945, 2.112928925234982, 2.0812477364585056, 2.057135916784471, 2.000000000016427, 2.0000000000073865, 2.0000000000045017, 2.0000000000007008, 2.000000000000001, 2.000000000000001, 2.000000000000001, 2.000000000000001, 2.0000000000000004, 2.0, 2.0, 2.0, 2.0, 1.9999999999999998, 1.9999999999919775, 1.9999999999864309, 1.9999999999726408, 1.9999999999684615, 1.8426711602552146, 1.8394390379278436, 1.7786010283233384, 1.7709837581841255, 1.7548802768343719, 1.736749992896066, 1.7070292183286182, 1.6595525506750304, 1.566999715518445, 1.4888602290618396, 1.4842858542758648, 1.4756844183978184, 1.375073563862116, 1.273858278905507, 1.2045485879231068, 1.1153757950868548, 1.0677183807571569, 1.0513443435096614, 1.00192051853877, 0.7717029497612782, 0.7245180972056382, 0.5659457835543765, 0.5266989885649153, 0.5154769294044697, 0.46802103324314454, 0.37925882407824585, 0.3633428638869593, 2.2378033920625932e-10, 1.9879091673041806e-10, 1.3352755812953576e-10, 1.2026174431539138e-10, 1.0737611947895952e-10, 7.142256561282406e-11, 5.97925115891761e-11, 4.813216834851019e-11, 3.4075557851887283e-11, 2.1203846299893806e-11, 1.9086033654374996e-11, 1.557633340100799e-11, 7.157962937313613e-12, 3.82911290974365e-15, 3.4616503817773597e-15, 2.0719224182673415e-15, 1.0479804475720345e-15, 9.41509130351002e-16, 7.226372485182978e-16, 5.853341688513764e-16, 5.170364616669206e-16]\n"
     ]
    }
   ],
   "source": [
    "println(svdvals(J))"
   ]
  },
  {
   "cell_type": "code",
   "execution_count": null,
   "id": "acf1fdc9",
   "metadata": {},
   "outputs": [],
   "source": []
  }
 ],
 "metadata": {
  "kernelspec": {
   "display_name": "Julia 1.11.1",
   "language": "julia",
   "name": "julia-1.11"
  },
  "language_info": {
   "file_extension": ".jl",
   "mimetype": "application/julia",
   "name": "julia",
   "version": "1.11.1"
  }
 },
 "nbformat": 4,
 "nbformat_minor": 5
}
