6.479083100191761202e-02 -1.564616986758017858e-01 -5.727429397917237486e-01 3.768855920302222606e-01 -1.374744248517103806e-01 -7.199930952009964136e-02 6.148906817264383484e-01 3.147554478808031742e-01
9.922138857737081499e-03 1.808270070132005081e-01 -2.638113543437025088e-01 4.797377848622521590e-01 5.848512474102230962e-01 4.977114675270224997e-01 -2.696509676816681300e-01 -7.056231935727870497e-02
2.093931738499593964e-01 2.776074197001484611e-01 -3.495768262160368067e-01 -6.767365800297928669e-01 -5.895998001551743667e-02 5.163244546384304634e-01 1.277270650803870311e-01 1.119412267201734534e-01
4.049929411089978615e-01 -1.251932239645883911e-02 5.000363433271470814e-01 2.310907504848780658e-01 -1.538021256156352767e-01 4.239980273610597927e-01 4.652270048531649826e-01 -3.354386941251171761e-01
-5.438535241692313837e-01 1.175643700020195803e-01 3.845830615377849870e-01 8.874908085600864693e-02 -1.198001239067084389e-01 3.641804344986412367e-01 9.167084858196890285e-02 6.158233752795952975e-01
-1.985472406324497452e-01 -7.725641636358033804e-01 5.244205397510269540e-02 -2.921152926501078828e-01 4.531601885671562857e-01 1.626842942376805212e-01 2.015503096615808842e-01 -5.656173317052561045e-02
-2.572198978261690250e-02 4.711308167820139614e-01 1.977629020991538422e-01 -1.521971088417835571e-01 6.011606728172924630e-01 -3.659211155060028142e-01 4.661926878520518680e-01 4.971888787409856070e-02
6.722943049759271261e-01 -1.815425650538787794e-01 2.009087515994032735e-01 7.865817997029206365e-03 1.755506966510142763e-01 -8.799030412831732040e-02 -2.237984404425134854e-01 6.212812441631022642e-01
