3.271843657389704729e-01 3.695039076107901055e-01 1.123209951926072980e-01 2.789284196527053727e-01 4.620969111486597503e-01 3.825250081923147749e-01 -4.446294389390712531e-01 -3.293112641079785075e-01
1.586965800221148692e-01 4.869532948257128679e-01 5.269968435864700318e-01 3.930971742909296629e-01 -1.451935802212967197e-01 -3.364060408210146624e-01 4.074066914272224116e-01 7.218317188948332463e-02
5.571873848648926097e-01 2.960777663425244455e-02 1.998792305293183580e-01 -5.609938277187526134e-01 2.589419827977137434e-01 -1.484805487199155893e-01 -8.634804011741753493e-02 4.872847302544699444e-01
-3.673765878392913908e-01 -1.983451271879008160e-01 5.386700434049478819e-02 3.580961067001526277e-01 6.518281116608299897e-01 1.954328487923597327e-02 1.241429005732680030e-01 5.038709066219339006e-01
3.297761970586645663e-01 -5.249812675317918481e-02 -4.886260099284291947e-01 1.312823181286369364e-02 3.986625187545464466e-01 -2.960446020095988118e-01 5.166594456377385791e-01 -3.688532031667690614e-01
5.286464000332780078e-01 -3.117647008064011738e-01 -1.875297936425635303e-01 4.448766096079471710e-01 -3.144634559984139099e-01 4.078797447859792147e-01 1.478671910804247869e-01 3.211468141207545202e-01
-1.796009679903340372e-01 6.485288917679412624e-01 -3.875057041867154273e-01 -2.157706573048356891e-01 -3.867451349049546433e-02 4.286046394349301014e-01 2.947874957119497319e-01 2.798906910584598173e-01
-4.320397021767853618e-02 -2.560916546142791295e-01 4.926677258313008068e-01 -2.829878568094959523e-01 1.189102365271442890e-01 5.294968847346670504e-01 4.876019374667777684e-01 -2.783605961714394339e-01
