-1.021981427625699851e-01 -2.090207728659719266e-01 -1.236128839541301844e-01 5.126216081980494721e-02 -5.017292724263068271e-01 7.925667832641654087e-01 1.217587199396810010e-01 -1.823138702637164543e-01
3.793887148057794589e-01 6.487904550861622877e-02 3.484352337812478551e-01 -3.126182501317684714e-01 -1.809527420882814652e-01 8.297433719051575118e-02 5.028303725164473548e-01 5.833100471016823274e-01
-1.076405166752913423e-01 3.986402567316401080e-01 1.205695287149764761e-01 7.596982991389978901e-01 -1.789159715834346132e-01 -1.298752680758206435e-01 4.319516520731711551e-01 -4.858197237062249901e-02
5.627475500516049278e-02 7.742508331740451943e-01 2.642103443328688295e-01 -3.550467196451387863e-01 -5.461756790633003761e-02 1.794990613001494206e-01 -1.606356390479491691e-01 -3.748289207507313203e-01
5.887553737243126362e-01 1.961944315788325677e-01 -4.087012039808869956e-01 2.483648279997731356e-01 4.813488734600776531e-01 3.796871288091735464e-01 -3.274482710920770950e-02 9.603028448550257612e-02
1.195019391630332273e-01 6.927238535726588931e-02 2.685604964877016387e-01 3.161863589800150143e-01 -3.044070643237237195e-01 7.396301731444912542e-02 -7.196780269011318065e-01 4.390346434390775543e-01
-6.201061645498374686e-01 9.795462048550848677e-02 2.293037099783517829e-01 2.031668179793589060e-02 5.277589265726004841e-01 3.899032106301716372e-01 3.035526209068128284e-02 3.484319702184931478e-01
2.922689770522964858e-01 -3.752820179232472797e-01 6.980164895289530103e-01 1.853932920995302602e-01 2.786394719725024394e-01 1.191985645692157231e-01 4.501587411835920871e-03 -4.003449041023667831e-01
