4.250925789402268951e-01 1.423947971249638900e-01 -1.365649844884583852e-01 4.107706782224104236e-01 5.153964434157249919e-01 -2.979858396688058741e-01 -5.332861905441857453e-02 -5.043455956654149253e-01
6.852889725465702853e-01 -3.597923438731004397e-01 6.884895311383733285e-02 -4.253635046936568020e-01 1.103457451575896170e-01 3.150720324973797504e-01 3.221731683272656133e-01 3.476262329365717788e-03
2.028537942295055296e-01 4.768596093433446481e-01 6.333787749338615214e-01 1.209390565579941956e-01 -3.800950044153482699e-01 2.690191828941020380e-01 -4.138511601990082014e-03 -3.143241364912276459e-01
-2.294462192978825588e-01 1.598189980083100370e-01 -1.240523396265341416e-01 2.213037290619864761e-01 4.598714484167449323e-01 8.004038537932652853e-01 4.433315989132494833e-02 5.791795541966188177e-02
2.062585884767403344e-01 4.769764677062290903e-01 2.565457886748663263e-01 -1.766776120968558406e-01 3.976360677921634834e-01 -2.154185465743171102e-01 -1.265989594102744642e-01 6.421629345344105344e-01
3.457997867963772398e-01 -2.110641694998774409e-01 -6.130286105232572724e-02 7.126205380527080857e-01 -3.002970333019759908e-01 7.211281248532019905e-02 9.883746838733454762e-03 4.783430749902117252e-01
1.609473316994440850e-01 5.692994989259746452e-01 -6.383272904731297492e-01 -1.114426798165408100e-01 -3.048406639691630393e-01 1.776395379572347569e-02 3.695504094473078815e-01 1.737649871849778274e-02
-2.604917515058913224e-01 -3.434294723846157554e-02 2.881261163804534897e-01 1.878011238892913770e-01 1.581637763878823710e-01 -2.167843116453172791e-01 8.594681271329854821e-01 4.451975745120571870e-02
