7.382082089430158645e-01 4.075481903550434160e-01 1.526756559083208287e-01 4.076400771724133509e-01 -2.265981794606616306e-01 -3.598393015394241862e-02 1.449391470186297826e-01 1.606981327228396150e-01
2.665352155238468468e-01 2.914468440271550942e-01 -2.744976741138002163e-01 -7.945574063976760248e-01 -1.069837985667600605e-01 2.624570773664883228e-01 -1.918606803563996030e-02 2.380124261772536276e-01
-1.849942036496773079e-01 -1.126302029727769133e-01 -2.169688469502330797e-01 9.074566471662921796e-02 -2.357084837811231418e-02 -4.012765230305522790e-01 1.614502336260012494e-01 8.426960988493500393e-01
-1.879019473097669479e-01 1.194977077949424121e-01 8.155042487500389903e-02 2.799358948304251915e-01 3.091018227331617241e-01 8.039790845398711028e-01 4.414506062666455344e-02 3.486021908205448328e-01
1.214113013649892880e-01 -1.649010449259684374e-01 3.804657914403613561e-01 -2.545320937383219184e-01 3.757199912619141879e-01 -6.681449529622929262e-02 7.754387246236565945e-01 -3.989024721060640405e-02
-4.345106600410581499e-01 2.036500488134347919e-01 2.009536524262035273e-01 -1.544696049040208269e-02 -7.502083624864567257e-01 1.391107812212965811e-01 3.809670644034591214e-01 -4.249546046751709327e-02
-2.930237866409516334e-01 7.387448605156303749e-01 -3.241644433282813709e-01 9.534564193448109848e-02 3.475724680441493186e-01 -2.364377097048976362e-01 1.942853516695324245e-01 -1.994078854608216933e-01
-1.583491857325505514e-01 3.280065226750195628e-01 7.465896084575281977e-01 -2.044339203140940753e-01 1.277634168232395229e-01 -2.066336037378049828e-01 -4.079481051061701335e-01 2.066528293950696538e-01
