3.187999241181430077e-01 5.738726183323399344e-01 5.936466748124493709e-01 -1.129569895427765119e-01 -7.720247402603939990e-02 -3.917130533536368198e-01 -5.696327845799352418e-02 2.030197454735699902e-01
2.297900351705436939e-01 4.364321097903318680e-01 -3.094972701115889305e-02 3.126800989766044259e-01 -3.131739192805632621e-02 4.066697215067580085e-01 5.795346340341551716e-01 -3.946839113892691708e-01
4.905977137904268814e-01 2.279760055391852058e-01 -3.380252545891108129e-01 -3.286366101298940356e-02 9.645050135526801738e-02 4.855519214053185539e-01 -4.226304462124850780e-01 4.102680459272322611e-01
3.489514186228263037e-01 -5.190605099748212270e-01 2.483993497157950536e-01 3.105772599145930138e-02 -2.374350052658257548e-01 1.212896089124621130e-01 4.847707323406428848e-01 4.899521009782512038e-01
-2.636193261242810171e-01 2.420687079590361779e-01 -3.411298865994415452e-01 4.175688269800805208e-01 3.198365407859138365e-01 -3.231692698489170290e-01 2.898109290634671154e-01 5.389342281974139892e-01
5.195191903772652386e-01 -3.139758780796255144e-01 5.113928139956541719e-02 4.659484323132246364e-01 4.496096147613482530e-01 -3.074800072399372919e-01 -1.757758421681110406e-01 -2.901825010379415204e-01
4.921563811557416040e-02 -1.661151483190434833e-02 5.211637628682782436e-02 -6.096071932495134016e-01 7.246247424062269848e-01 7.941670867861964911e-02 3.025044874052429389e-01 -8.236259836979406904e-03
-3.758888419090368749e-01 -3.669203648723563110e-02 5.907296233405877617e-01 3.526112232420489656e-01 3.128189287987217515e-01 4.747835700476099041e-01 -2.021859284607111229e-01 1.411057761712214975e-01
