1.376128682750302201e-01 6.794060150805285303e-02 2.380482255242711009e-01 -2.425520204843381877e-01 2.966951904948977314e-01 6.893754311462045870e-01 3.841079677157540478e-02 -5.442484932419280330e-01
3.157390724228049672e-01 -4.522133100978954490e-01 5.833452309595584806e-01 -3.888459538328990495e-01 1.185827784174259270e-01 -3.081076711146918390e-01 2.723563368610651958e-01 1.454267494483717227e-01
6.677233831724521673e-02 1.246295002338201618e-01 3.565497748328921856e-01 -7.981124850645600344e-02 8.446970195715026997e-02 3.170403538200766008e-02 -8.814115224474927679e-01 2.479613213267941596e-01
6.064778266034484000e-01 7.351313672034451852e-01 5.885848236005750828e-02 9.001215905039033210e-03 -1.078301152861418748e-02 -2.520295846784805227e-01 1.493604820141014589e-01 -4.772250496501196509e-02
5.707622121297603046e-01 -2.967208314103704780e-01 -5.858940112619850371e-01 -1.351395954375192721e-01 2.295635260667258926e-01 2.347083658323206035e-01 -1.011813147697837451e-01 3.265389023895845511e-01
-8.605189454955211592e-03 1.532717211872281771e-01 2.612644740432293333e-01 7.143837913114509108e-02 -3.849121529320546631e-01 5.537835142399725186e-01 2.749959109794000156e-01 6.104218751114898200e-01
2.507446913631392604e-01 -2.239954198553386899e-01 2.467696461022170218e-01 8.707297710225324616e-01 2.511235686838727554e-01 4.923515321043506893e-02 2.179574429513094283e-02 -4.387889840361097055e-02
-3.469599184014028337e-01 2.706051312103362472e-01 4.810914175678877164e-03 -4.449716685327939625e-02 7.916684027988870609e-01 -3.344880524388749166e-02 1.970186462977418229e-01 3.710990510375544171e-01
