3.892469513656847124e-01 2.302967719765798560e-01 2.688085780972705452e-01 -2.884772453727309227e-02 -2.283988094251384326e-01 -2.211668511503629420e-01 -5.688050826869337495e-01 5.456555236730907810e-01
3.254155651651878811e-01 3.858151842269385567e-01 3.888705896010270779e-02 2.215460206327490855e-01 7.419497627617179791e-01 -1.674427614205787895e-01 -1.433548384543665566e-01 -3.091591377151658993e-01
2.686270244217898173e-01 -6.574467477640751900e-01 4.734280887225137957e-01 4.164451586160698993e-01 5.417593106657009328e-02 -2.439799988799850328e-01 1.885635453981399645e-01 -5.008818722743272299e-03
6.810510765789279386e-01 -6.281415306925118569e-02 3.266414084167558376e-03 -2.174216866778557466e-01 -3.496892822822276342e-02 6.744708575478857160e-01 1.643575718852861856e-01 -4.235302713179853185e-02
2.190859532264006204e-01 4.492922734604180013e-01 2.257246458502377706e-01 -1.753992221887838154e-01 -3.064655532241310487e-01 -4.124155520760587890e-01 6.265832421494382798e-01 -1.086600799251008498e-01
2.968306544345314379e-01 -1.516805005773796088e-02 -4.953254146624677667e-01 4.077654165859311286e-01 -4.809845502122127026e-01 -1.659508081691115078e-01 -2.208680772115870772e-01 -4.386035518157597735e-01
1.268140791861433470e-01 2.618347049932019319e-02 -5.323577922196004453e-01 3.408006920673075646e-01 1.815471382672327605e-01 -5.775635316532225227e-02 3.844654562177762802e-01 6.321185314271172695e-01
-2.332628788486061366e-01 3.989348387952111885e-01 3.498302720501005325e-01 6.451385709572194926e-01 -1.869760403736516752e-01 4.556851033423049979e-01 6.432411844480372121e-02 3.328488353187269294e-02
