6.765690979561075902e-02 -6.624967413152098306e-02 4.837943584420066889e-01 4.833698631486588737e-01 5.632537690805067276e-01 1.088099052956891660e-02 -3.970134752415481472e-02 -4.520848549113090642e-01
-6.665088302064536840e-02 3.420617167121952629e-01 -1.752943345667355712e-01 -1.255514162214403928e-01 6.861756860336174491e-01 -3.809015881011517113e-01 -1.099522985393898422e-02 4.647754220102884304e-01
-3.333856961546600717e-01 4.032850541285188384e-01 5.058060544039082451e-01 -4.151383995339715804e-01 5.771767553207043933e-02 5.296271332690274392e-01 -8.760355355018438483e-02 8.077669415454841184e-02
1.932863837182064171e-01 4.669086319279559527e-01 -1.055442321716344861e-01 6.220312716513024531e-01 -1.374832112868281109e-01 3.686699694261971194e-01 2.941599157151331134e-01 3.243840003567972086e-01
7.161527153334269480e-01 8.560054775441976183e-02 2.599253495225041788e-01 -7.528839864768542556e-02 -1.004718318694974299e-01 -4.138613283528211340e-02 -5.893166564477158031e-01 2.178687258244889069e-01
5.735026643140622715e-01 4.984997959472853291e-02 -7.714894347080973602e-02 -4.298895994194763537e-01 2.079571312888391366e-01 1.721702860150001457e-01 5.844477047743986686e-01 -2.517632835322540230e-01
2.566178064296441297e-02 -6.835542717924973921e-01 2.413301542278007139e-01 2.918850510895172959e-02 1.612540920416755119e-01 2.564450093606648884e-01 2.044915501604223917e-01 5.825968582520499872e-01
6.000764747224840608e-03 -1.445798757015290537e-01 -5.800708364066183842e-01 1.498036783676629565e-03 3.321618828298226744e-01 5.841692180970319281e-01 -4.164233831658328278e-01 -1.325994161996053300e-01
