-2.209844382093976156e-01 -2.158234058685153389e-01 2.714148161859637476e-01 7.106684603753783691e-02 4.891301473837815494e-02 -2.894447884929483572e-01 7.379927880259480322e-01 -4.416622156385723308e-01
2.247780024011187261e-01 1.050884839407870558e-01 1.569884111309879648e-01 2.773920562765695430e-01 8.690863827675533448e-01 3.918528320258223702e-02 -1.657796754313986820e-01 -2.291506450940447304e-01
3.246783920000778090e-01 5.563088113330556528e-01 2.104919799288279547e-01 6.092375390815902847e-01 -3.895072217023703987e-01 6.612633503815401430e-03 9.754500859160694648e-02 -9.139236390203692162e-02
6.155379118986626930e-01 1.470846614206755831e-01 -5.969060877835208334e-01 -2.748066263402056397e-01 7.527512508168771044e-02 -1.647958811846555738e-01 3.598067168502608881e-01 -7.333976734782605977e-02
-2.161637798578565917e-01 3.647023455409382775e-01 8.365737083993103618e-02 -3.233127186249452195e-02 2.810567319893328975e-01 6.955895810042304894e-02 4.550380683690305461e-01 7.220322525239767364e-01
1.812186415166294751e-01 4.162945558607308166e-02 2.630763585013273231e-01 -3.288083162046028241e-01 -4.666677857659940615e-02 8.364706141626968572e-01 2.091160738998737723e-01 -2.061851212942270584e-01
5.540374686928295489e-01 -2.949587470944861067e-01 6.058829025843676108e-01 -2.160234103280101181e-01 -6.029187831694469285e-02 -2.950941916041650570e-01 -4.533890712102008058e-02 3.154525421274364527e-01
1.726651557737953757e-01 -6.241168175328299927e-01 -2.403810877246712885e-01 5.616829673819179192e-01 -1.041012260368302800e-02 3.096493172753195799e-01 1.899027364642340288e-01 2.744813276223910248e-01
