-5.113738924987546453e-01 3.951861262733295521e-01 -3.918626291692697827e-01 3.015217712683431750e-01 3.221951109187008444e-01 -1.568993054880309657e-01 1.486685923807031795e-01 4.328088920765147396e-01
3.721939893030866142e-01 4.369026744768529369e-01 -1.863039967982538792e-01 3.385944052921909808e-01 2.522318602787998465e-01 2.711906321682412968e-01 -5.625787246115304674e-01 -2.599466197941437406e-01
-6.169834626864621058e-02 -4.089484180817138936e-01 5.092721596570499720e-01 2.558511892278637068e-01 4.744443409583486981e-01 2.657913075473736231e-01 -2.176487248249343587e-01 4.012768651841837064e-01
3.416959222585493339e-01 -4.959035023551759680e-02 1.782749427505382900e-01 4.606783978815937597e-01 2.864147870768940507e-01 -5.874215189920813929e-01 3.734573564314436211e-01 -2.649722326658212057e-01
-3.566139910624267495e-01 1.353034692407717732e-01 2.084678383018001846e-01 2.204511315844299157e-01 4.769577280991309925e-02 5.533011223151602653e-01 4.518631143824231589e-01 -4.998645803898535966e-01
-2.298526973643590932e-01 3.043850962870329191e-01 4.991140483762660507e-01 3.735799735123873089e-01 -5.863533084198457868e-01 -2.100706200873325158e-01 -2.631977069031895544e-01 9.288552168517778818e-02
5.471463519674703013e-01 2.785529362709117107e-01 5.692923379339366596e-02 8.752489520063966300e-02 -2.073167535050221832e-01 3.365574966045389860e-01 4.480148657410724100e-01 5.051426348604816097e-01
-5.536749810593808753e-03 5.428599388540604753e-01 4.741094834212933318e-01 -5.665092475376818371e-01 3.692874367128982649e-01 -1.502878668391097183e-01 1.976959230359685502e-02 -1.447103176354223517e-02
